0.050674, -0.016556, -1.050629, 176103.230751
0.047714, -0.017624, -1.049698, 176103.252832
0.056747, -0.016434, -1.062317, 176103.274145
0.059464, -0.019211, -1.053345, 176103.296238
0.055542, -0.015381, -1.051514, 176103.317595
0.055664, -0.013443, -1.056458, 176103.338865
0.059464, -0.018234, -1.053345, 176103.360444
0.054459, -0.013397, -1.044632, 176103.381956
0.050613, -0.017517, -1.047653, 176103.403876
0.060455, -0.016235, -1.053345, 176103.425876
0.055542, -0.016388, -1.051498, 176103.448067
0.060410, -0.013229, -1.050430, 176103.470304
0.054688, -0.015457, -1.056458, 176103.492382
0.056473, -0.017319, -1.049484, 176103.514532
0.058701, -0.019333, -1.063248, 176103.536566
0.052612, -0.015472, -1.050598, 176103.558750
0.055634, -0.012466, -1.055466, 176103.580823
0.055496, -0.015366, -1.049530, 176103.603257
0.055603, -0.015396, -1.054474, 176103.624466
0.060257, -0.013184, -1.043518, 176103.646616
0.054428, -0.018341, -1.044586, 176103.668181
0.058731, -0.017365, -1.064240, 176103.690188
0.051682, -0.018509, -1.053543, 176103.712463
0.052612, -0.014496, -1.050598, 176103.734291
0.058472, -0.015289, -1.051437, 176103.756390
0.051636, -0.015503, -1.050629, 176103.778604
0.051727, -0.017532, -1.055527, 176103.800900
0.055557, -0.016388, -1.052490, 176103.822876
0.060486, -0.015244, -1.055328, 176103.844484
0.051620, -0.018478, -1.050598, 176103.866640
0.052856, -0.016571, -1.062408, 176103.888320
0.050659, -0.011612, -1.049667, 176103.909712
0.052536, -0.013474, -1.046661, 176103.931800
0.057648, -0.015381, -1.059326, 176103.953117
0.054810, -0.017487, -1.062363, 176103.975222
0.055496, -0.013382, -1.048569, 176103.997288
0.050812, -0.016617, -1.057510, 176104.019352
0.050934, -0.014679, -1.063461, 176104.040537
0.049606, -0.016556, -1.046707, 176104.062073
0.048981, -0.012772, -1.063522, 176104.084196
0.046753, -0.011749, -1.049774, 176104.106277
0.051636, -0.016510, -1.050613, 176104.128437
0.050766, -0.017578, -1.055542, 176104.150593
0.047882, -0.012741, -1.056641, 176104.172616
0.047745, -0.014664, -1.050720, 176104.195093
0.049026, -0.015732, -1.066452, 176104.216815
0.043930, -0.011871, -1.053787, 176104.238958
0.044800, -0.013779, -1.049805, 176104.261097
0.045761, -0.013733, -1.047806, 176104.283010
0.046082, -0.013855, -1.063599, 176104.305078
0.047913, -0.013733, -1.058609, 176104.327166
0.062439, -0.010254, -1.055313, 176104.348389
0.053665, -0.015488, -1.055496, 176104.370500
0.050995, -0.013687, -1.065445, 176104.392588
0.044846, -0.013794, -1.051788, 176104.414735
0.049957, -0.013702, -1.062515, 176104.436814
0.052994, -0.011673, -1.068359, 176104.458923
0.038071, -0.009094, -1.052002, 176104.481078
0.046738, -0.008759, -1.047836, 176104.503048
0.041779, -0.009872, -1.042999, 176104.525257
0.045883, -0.017731, -1.054688, 176104.546547
0.036362, -0.004318, -1.062927, 176104.568608
0.032349, -0.011322, -1.058014, 176104.590318
0.035141, -0.009186, -1.051086, 176104.612415
0.034164, -0.009216, -1.051117, 176104.634342
0.047623, -0.013046, -1.091187, 176104.657054
0.037659, -0.019226, -1.081497, 176104.678528
0.026443, -0.009521, -1.054245, 176104.700611
0.048920, -0.022629, -1.062454, 176104.722707
0.052673, -0.020447, -1.054489, 176104.744340
-0.006302, -0.008835, -1.068878, 176104.766209
0.019852, -0.030609, -1.068039, 176104.788338
0.033630, -0.056885, -1.081284, 176104.810450
0.048477, -0.060425, -1.094711, 176104.832679
-0.002075, -0.035126, -1.043869, 176104.854719
0.029861, -0.071533, -1.043777, 176104.876859
0.044983, -0.060318, -1.067184, 176104.898977
0.035339, -0.083466, -1.075119, 176104.921062
0.010803, -0.078278, -1.062943, 176104.943415
0.043930, -0.108444, -1.026367, 176104.965358
0.051193, -0.107346, -1.046906, 176104.987494
0.011398, -0.087021, -1.047073, 176105.009595
0.053177, -0.134033, -1.054535, 176105.031721
0.013412, -0.083023, -1.050003, 176105.053789
0.030350, -0.125748, -1.030487, 176105.075861
0.031631, -0.168335, -1.053802, 176105.098003
-0.026917, -0.181244, -1.048218, 176105.119431
0.031860, -0.193756, -1.022980, 176105.141511
0.028641, -0.213913, -1.058411, 176105.163656
0.002243, -0.203918, -1.050293, 176105.185703
-0.005203, -0.233612, -1.025543, 176105.206912
0.016357, -0.225998, -1.031982, 176105.229053
0.003647, -0.232361, -1.030273, 176105.251205
0.017258, -0.242752, -1.031830, 176105.273116
-0.014038, -0.237854, -1.022766, 176105.295226
0.006302, -0.243027, -1.019272, 176105.317333
0.007309, -0.259811, -1.025024, 176105.339585
0.009766, -0.258575, -1.001312, 176105.361561
0.029694, -0.277451, -0.981903, 176105.383657
0.008163, -0.291397, -1.024750, 176105.406025
-0.007248, -0.297943, -1.033951, 176105.427118
-0.002045, -0.309006, -0.958755, 176105.449392
-0.004120, -0.310364, -0.998245, 176105.471292
-0.053635, -0.313171, -1.006378, 176105.492714
-0.027008, -0.317917, -0.976059, 176105.514847
-0.003571, -0.327637, -0.934952, 176105.536986
-0.028687, -0.327606, -0.944458, 176105.559042
-0.022339, -0.361206, -0.974594, 176105.581111
-0.039398, -0.355057, -0.995789, 176105.603212
-0.013824, -0.340042, -0.959778, 176105.625386
-0.048737, -0.355179, -0.968399, 176105.647452
-0.032623, -0.377563, -0.999390, 176105.669637
-0.016312, -0.364029, -0.985291, 176105.691775
-0.022491, -0.378952, -0.971497, 176105.714016
-0.046585, -0.387802, -0.983871, 176105.736024
-0.034470, -0.413269, -1.009995, 176105.758131
-0.048828, -0.382217, -1.015549, 176105.780884
-0.033096, -0.387283, -0.977646, 176105.802492
-0.058701, -0.407837, -0.967239, 176105.823915
-0.014648, -0.430145, -0.983719, 176105.845803
-0.036423, -0.414352, -1.011032, 176105.867803
-0.043213, -0.426071, -0.966705, 176105.889130
-0.032730, -0.431534, -0.956528, 176105.911291
-0.044357, -0.499222, -0.973022, 176105.933360
-0.072418, -0.487045, -0.931396, 176105.955341
-0.083298, -0.475113, -0.873566, 176105.977438
-0.057358, -0.513031, -0.912064, 176105.999465
-0.055618, -0.501007, -0.899292, 176106.021650
-0.079620, -0.504578, -0.869308, 176106.043773
-0.049286, -0.505554, -0.877380, 176106.065632
-0.070511, -0.510330, -0.887756, 176106.087678
-0.048279, -0.522964, -0.835800, 176106.109900
-0.052505, -0.535233, -0.868378, 176106.131992
-0.055420, -0.548569, -0.917648, 176106.154109
-0.096069, -0.557617, -0.884064, 176106.176137
-0.082809, -0.548706, -0.817703, 176106.198232
-0.057129, -0.586929, -0.890747, 176106.220365
-0.098511, -0.584610, -0.912491, 176106.242711
-0.087143, -0.590622, -0.851974, 176106.264603
-0.094086, -0.575592, -0.796066, 176106.286788
-0.083817, -0.598587, -0.872559, 176106.307961
-0.088699, -0.614563, -0.875504, 176106.329317
-0.073532, -0.631302, -0.812851, 176106.373012
-0.100235, -0.631470, -0.839142, 176106.395090
-0.097839, -0.660477, -0.772751, 176106.417308
-0.096405, -0.676422, -0.797256, 176106.439294
-0.114044, -0.659210, -0.788940, 176106.461446
-0.109818, -0.644348, -0.801788, 176106.483537
-0.096359, -0.652710, -0.795471, 176106.505419
-0.075729, -0.710037, -0.768845, 176106.527516
-0.128479, -0.658401, -0.748871, 176106.548724
-0.119934, -0.656021, -0.738815, 176106.570806
-0.097961, -0.661407, -0.766815, 176106.592781
-0.079971, -0.692245, -0.748383, 176106.614889
-0.085129, -0.701187, -0.735611, 176106.636986
-0.091080, -0.687546, -0.727966, 176106.659105
-0.103271, -0.695679, -0.705505, 176106.680947
-0.052032, -0.738037, -0.790695, 176106.703009
-0.096954, -0.723724, -0.780106, 176106.725150
-0.083954, -0.733521, -0.705719, 176106.747424
-0.076904, -0.718521, -0.713562, 176106.768429
-0.087158, -0.711121, -0.733612, 176106.790710
-0.138458, -0.711456, -0.794067, 176106.812699
-0.123932, -0.746384, -0.658234, 176106.833842
-0.107590, -0.758591, -0.649857, 176106.855161
-0.107727, -0.742096, -0.687485, 176106.877305
-0.114182, -0.747421, -0.705353, 176106.898530
-0.045837, -0.803696, -0.633163, 176106.920815
-0.082748, -0.795731, -0.588745, 176106.942749
-0.121918, -0.760178, -0.663025, 176106.965085
-0.097260, -0.776855, -0.635651, 176106.985940
-0.096252, -0.796631, -0.641373, 176107.008199
-0.039764, -0.832489, -0.556793, 176107.030273
-0.077728, -0.790649, -0.594604, 176107.052319
-0.076660, -0.807480, -0.602325, 176107.074505
-0.084229, -0.826233, -0.569794, 176107.096648
-0.052475, -0.819427, -0.597687, 176107.118729
-0.068802, -0.825638, -0.562515, 176107.140838
-0.089661, -0.829559, -0.590607, 176107.162881
-0.089447, -0.831604, -0.600464, 176107.184295
-0.106995, -0.805878, -0.640564, 176107.206463
-0.120804, -0.837952, -0.638672, 176107.228595
-0.114365, -0.844147, -0.575333, 176107.249829
-0.107590, -0.836945, -0.571259, 176107.271869
-0.121872, -0.821518, -0.677307, 176107.293941
-0.112381, -0.839737, -0.528946, 176107.316058
-0.074982, -0.880356, -0.463562, 176107.338167
-0.061172, -0.896759, -0.475906, 176107.360241
-0.105728, -0.852295, -0.524750, 176107.382356
-0.098892, -0.873444, -0.481964, 176107.403764
-0.078705, -0.880554, -0.471527, 176107.425994
-0.057617, -0.864243, -0.500763, 176107.447923
-0.100723, -0.858719, -0.485077, 176107.470077
-0.095062, -0.893082, -0.483688, 176107.492152
-0.100555, -0.857178, -0.539368, 176107.514181
-0.114777, -0.862411, -0.513046, 176107.536358
-0.162567, -0.868607, -0.460876, 176107.558455
-0.102142, -0.894608, -0.518356, 176107.580547
-0.077484, -0.859222, -0.525955, 176107.602345
-0.072174, -0.904556, -0.415939, 176107.624449
-0.122177, -0.897278, -0.397491, 176107.646556
-0.105286, -0.881592, -0.364655, 176107.667795
-0.050781, -0.923203, -0.371841, 176107.689545
-0.043259, -0.921631, -0.452591, 176107.711632
-0.090088, -0.932755, -0.403320, 176107.734174
-0.115433, -0.889099, -0.391479, 176107.755867
-0.130051, -0.873779, -0.388016, 176107.778018
-0.108536, -0.936966, -0.358368, 176107.799658
-0.121780, -0.942917, -0.424728, 176107.821807
-0.101151, -0.925064, -0.383911, 176107.843242
-0.127686, -0.925903, -0.371735, 176107.865266
-0.134766, -0.930008, -0.360046, 176107.886496
-0.081985, -0.908691, -0.273087, 176107.908635
-0.086060, -0.958984, -0.367493, 176107.930789
-0.108658, -0.930023, -0.351517, 176107.952885
-0.130341, -0.926712, -0.338257, 176107.974347
-0.114410, -0.971405, -0.316803, 176107.996507
-0.119980, -0.938705, -0.277740, 176108.018856
-0.122421, -0.925110, -0.296646, 176108.040664
-0.148941, -0.928314, -0.332794, 176108.062767
-0.086746, -0.954010, -0.240280, 176108.084263
-0.084473, -0.971497, -0.212463, 176108.106389
-0.065063, -0.972763, -0.210007, 176108.128506
-0.069305, -0.983444, -0.288940, 176108.150607
-0.068970, -0.994034, -0.260239, 176108.172733
-0.088684, -0.969528, -0.196808, 176108.194826
-0.101929, -0.978058, -0.216766, 176108.216999
-0.150299, -0.937714, -0.269623, 176108.239078
-0.146988, -0.935989, -0.193573, 176108.261128
-0.141663, -0.936600, -0.169769, 176108.283220
-0.138138, -0.980255, -0.207809, 176108.305274
-0.084793, -0.981888, -0.153198, 176108.327421
-0.010864, -1.009537, -0.108719, 176108.348642
-0.036957, -0.955536, -0.154205, 176108.370729
-0.076691, -0.974182, -0.213226, 176108.392710
-0.082352, -0.997208, -0.225998, 176108.414819
-0.118820, -0.963303, -0.150223, 176108.436910
-0.129761, -0.934891, -0.132996, 176108.458968
-0.161957, -0.973602, -0.137421, 176108.481052
-0.152100, -1.014847, -0.151611, 176108.502586
-0.185989, -0.974792, -0.058090, 176108.523278
-0.168930, -0.937012, 0.017960, 176108.545372
-0.152573, -0.949005, -0.069305, 176108.567493
-0.117249, -1.013550, -0.141876, 176108.588852
-0.107895, -0.956299, -0.066177, 176108.610969
-0.131058, -0.958572, -0.122955, 176108.633135
-0.137573, -0.975739, -0.140732, 176108.654328
-0.128235, -0.972275, -0.120789, 176108.676404
-0.123016, -0.976196, -0.139404, 176108.698522
-0.117691, -0.966522, -0.065338, 176108.720589
-0.117783, -0.980331, -0.063263, 176108.742696
-0.131104, -0.996735, -0.081207, 176108.764822
-0.119598, -0.994278, -0.072083, 176108.786936
-0.115891, -0.956116, -0.009171, 176108.809062
-0.142365, -0.985443, -0.099350, 176108.831204
-0.141434, -0.992691, -0.145615, 176108.852544
-0.134567, -0.972916, -0.050919, 176108.874625
-0.121597, -0.950439, -0.014282, 176108.895817
-0.115753, -0.972778, -0.112595, 176108.917944
-0.143433, -0.996323, -0.096313, 176108.940073
-0.147278, -1.000046, -0.052979, 176108.962211
-0.145111, -0.973953, -0.011719, 176108.983812
-0.168182, -0.963409, -0.070557, 176109.005884
-0.164124, -0.983093, -0.082123, 176109.028098
-0.131500, -0.953079, -0.053986, 176109.049798
-0.092194, -0.964310, -0.027267, 176109.071901
-0.103577, -0.984634, -0.046097, 176109.092757
-0.097137, -1.001465, -0.077362, 176109.114242
-0.103638, -0.989548, -0.044098, 176109.135926
-0.102539, -0.961853, -0.043320, 176109.158185
-0.114502, -0.953629, -0.075241, 176109.180149
-0.152542, -0.972153, -0.122391, 176109.201520
-0.188400, -1.015625, -0.090347, 176109.223254
-0.173477, -0.967361, -0.049957, 176109.245412
-0.183578, -0.931351, -0.072189, 176109.267480
-0.196625, -0.977554, -0.109604, 176109.289504
-0.201462, -0.990219, -0.066238, 176109.311653
-0.139816, -0.960098, -0.030441, 176109.333763
-0.117111, -0.959808, -0.092026, 176109.355323
-0.119919, -0.988632, -0.102707, 176109.377390
-0.117767, -0.990219, -0.066147, 176109.399538
-0.116119, -0.979156, -0.050415, 176109.420725
-0.099976, -0.971909, -0.075714, 176109.442808
-0.140640, -0.995178, -0.090347, 176109.464094
-0.152145, -0.972534, -0.048401, 176109.486177
-0.143616, -0.953354, -0.033554, 176109.508286
-0.164017, -0.966309, -0.084229, 176109.530400
-0.163437, -0.990265, -0.116592, 176109.552474
-0.162216, -0.999847, -0.082916, 176109.574438
-0.159439, -0.981873, -0.073166, 176109.596634
-0.158401, -0.958130, -0.071350, 176109.618878
-0.152740, -0.972076, -0.112534, 176109.640754
-0.160568, -0.965042, -0.062469, 176109.662292
-0.141281, -0.988037, -0.057846, 176109.684333
-0.146271, -0.973724, -0.096558, 176109.706660
-0.144440, -0.978531, -0.091537, 176109.728541
-0.156479, -0.975861, -0.074127, 176109.750647
-0.157593, -0.965927, -0.065353, 176109.772744
-0.157288, -0.975937, -0.082031, 176109.794816
-0.170425, -0.969299, -0.057755, 176109.816930
-0.146957, -0.967529, -0.062103, 176109.839028
-0.130219, -0.977890, -0.073456, 176109.861177
-0.121262, -0.979614, -0.083069, 176109.883211
-0.145660, -0.988373, -0.080643, 176109.904669
-0.148056, -0.967499, -0.055237, 176109.925884
-0.154617, -0.953995, -0.065384, 176109.948001